# z  mu  dmu
    0.0306000      35.5660     0.108000
    0.0707000      37.3870     0.121000
    0.0263000      35.4340    0.0980000
    0.0248000      35.0370     0.134000
    0.0519000      36.8420    0.0850000
    0.0243000      35.0430     0.115000
    0.0357000      35.8050     0.128000
    0.0275000      35.6220    0.0960000
    0.0245000      35.0660    0.0570000
    0.0365000      36.1610    0.0830000
    0.0232000      35.0820     0.108000
    0.0218000      34.9720    0.0790000
    0.0305000      35.7460    0.0590000
    0.0502000      36.5600     0.129000
    0.0748000      37.5720     0.145000
    0.0259000      34.9720     0.100000
     0.100900      38.3100     0.191000
    0.0451000      36.6190    0.0950000
    0.0429000      36.2820     0.208000
    0.0789000      37.4540    0.0960000
    0.0634000      37.4330    0.0990000
    0.0500000      36.6510     0.109000
    0.0488000      36.3970    0.0510000
    0.0220000      34.8150     0.145000
     0.124200      39.0330    0.0950000
    0.0348000      35.8160    0.0720000
    0.0297000      36.0240    0.0810000
    0.0279000      35.0750    0.0730000
    0.0235000      35.1400     0.107000
    0.0537000      36.7470     0.129000
    0.0392000      36.3800    0.0900000
    0.0315000      35.6750    0.0720000
    0.0260000      35.3330    0.0510000
     0.190400      39.9210    0.0880000
     0.129100      38.7970     0.175000
     0.256500      40.5720     0.157000
     0.381300      41.2360     0.250000
    0.0858000      37.9270    0.0890000
     0.260900      40.5150     0.136000
     0.117900      38.5710    0.0730000
     0.182300      39.6300    0.0810000
     0.357600      41.3790     0.264000
     0.260400      40.8440     0.145000
     0.152000      39.2230    0.0700000
     0.286900      41.0930     0.118000
     0.194600      39.9640    0.0980000
     0.147200      39.3560    0.0700000
     0.212000      40.4180     0.190000
     0.180500      39.6300    0.0720000
     0.263800      40.7880    0.0940000
     0.192300      40.0400    0.0860000
     0.339100      41.4030     0.301000
     0.117500      38.6840    0.0730000
     0.142800      39.1910    0.0670000
     0.160500      39.3160    0.0990000
     0.289100      40.8850     0.163000
     0.123200      38.7490     0.140000
     0.264300      40.5520     0.118000
     0.126100      38.6910     0.101000
     0.173100      39.5170    0.0710000
     0.163600      39.4300    0.0740000
     0.249900      40.7700     0.106000
     0.106400      38.6240     0.137000
     0.159700      39.3410    0.0810000
     0.244600      40.2450    0.0910000
     0.248800      40.2900    0.0940000
     0.229200      40.2650    0.0960000
    0.0855000      37.9600    0.0760000
    0.0617000      37.1570    0.0820000
     0.277700      40.8060     0.179000
     0.275800      40.7470     0.120000
     0.330900      41.2420     0.164000
     0.362200      41.3590     0.171000
     0.331400      41.0540     0.175000
     0.144800      39.2810    0.0770000
     0.389300      42.5080     0.891000
     0.174500      39.5280     0.115000
     0.300400      40.8190     0.159000
     0.116400      38.7940    0.0680000
     0.218500      40.1800    0.0730000
     0.119800      38.7790    0.0600000
     0.155000      39.4200    0.0810000
     0.178300      40.0400     0.105000
     0.250600      40.7810    0.0900000
     0.252000      40.5100    0.0800000
     0.392000      41.4260     0.243000
     0.128900      38.8600    0.0600000
     0.309600      40.9540     0.115000
    0.0450000      36.6250    0.0560000
     0.278800      40.7570     0.114000
     0.308500      40.8840     0.214000
     0.186000      39.8460    0.0850000
    0.0666000      37.3240    0.0850000
     0.316500      41.4860     0.266000
     0.258300      40.5930     0.119000
     0.278800      40.8840     0.253000
     0.299200      41.0130     0.159000
     0.270800      40.5850     0.155000
     0.279500      40.4910     0.147000
     0.293200      40.9040     0.124000
    0.0786000      37.9120     0.227000
     0.189000      39.7560    0.0840000
     0.266000      40.5320    0.0910000
     0.124000      38.6940    0.0590000
     0.182800      39.8230    0.0690000
    0.0564000      37.0350    0.0980000
     0.313100      41.0320     0.133000
     0.309500      41.2410     0.183000
    0.0894000      37.9630    0.0890000
     0.200800      39.7880     0.164000
     0.326800      40.9700     0.146000
     0.211900      39.9820    0.0750000
     0.179900      39.7480    0.0810000
     0.302800      40.9950     0.131000
     0.108700      38.4580     0.144000
     0.202500      40.0290     0.108000
     0.214800      40.2300    0.0790000
     0.320800      41.0950     0.122000
     0.218500      40.2420    0.0880000
     0.380200      41.4230     0.148000
     0.211500      39.9690    0.0940000
    0.0753000      37.6060    0.0880000
     0.421200      42.1250     0.335000
     0.258500      40.6390     0.122000
     0.183500      39.6470     0.116000
     0.213200      40.1150     0.131000
     0.359900      40.9990     0.234000
     0.115100      38.7210    0.0970000
     0.144200      39.2640    0.0980000
     0.252800      40.5030     0.162000
     0.388300      41.9390     0.272000
     0.349000      41.2650     0.204000
     0.255700      40.5110     0.185000
     0.217200      40.3230     0.227000
    0.0643000      37.2120     0.174000
     0.298900      40.9680     0.241000
     0.504300      42.3880    0.0990000
     0.581700      42.7320     0.116000
     0.496000      42.2110    0.0980000
     0.346000      41.3720     0.128000
     0.679000      43.6900     0.185000
     0.331000      41.0950    0.0800000
     0.868000      43.5320     0.230000
     0.688000      43.0560     0.110000
     0.800000      43.8270     0.205000
     0.532000      42.6730     0.144000
     0.291200      40.8800     0.143000
     0.248600      40.7190     0.206000
     0.449000      41.9710     0.152000
     0.370900      41.6610     0.138000
     0.462700      42.0750     0.165000
     0.460700      42.0910     0.233000
     0.285000      40.9370    0.0900000
     0.633000      43.1820     0.140000
     0.626800      42.8100     0.109000
     0.905000      43.7200     0.231000
     0.949000      43.5090     0.291000
     0.927100      43.9890     0.259000
     0.695000      43.1520     0.203000
     0.604000      42.5030     0.105000
     0.791000      43.6780     0.181000
     0.581000      42.8170     0.111000
     0.592000      42.5650     0.139000
     0.721000      43.2880     0.156000
     0.526000      42.5150     0.224000
     0.430000      41.7520     0.144000
     0.415000      41.8920    0.0840000
     0.357000      41.4540    0.0740000
     0.707000      43.3010     0.264000
     0.741000      43.8130     0.188000
     0.691000      43.0630     0.273000
     0.620000      43.1580     0.148000
      1.01000      44.3260     0.327000
     0.830000      44.3020     0.184000
     0.470000      42.0550     0.137000
     0.643000      43.1500     0.130000
     0.610000      42.9080     0.124000
     0.357800      41.4240    0.0680000
     0.263000      40.6370    0.0750000
     0.730000      43.4540     0.153000
     0.451000      41.7520    0.0790000
     0.910000      44.4400     0.266000
     0.551600      42.1020     0.101000
     0.710000      42.9060     0.148000
     0.930000      43.6710     0.309000
     0.337300      41.4110    0.0890000
     0.752000      43.4390     0.179000
     0.613000      42.9250     0.155000
     0.983000      44.3900     0.423000
     0.821800      43.7630     0.180000
     0.840000      43.7430     0.233000
     0.950000      44.1100     0.293000
     0.817000      43.7770     0.265000
     0.550000      42.3620     0.117000
     0.340200      41.3890    0.0710000
     0.960000      43.6560     0.277000
     0.811000      43.5450     0.198000
     0.961000      44.2630     0.314000
     0.426000      41.8100     0.187000
     0.531000      43.1990     0.248000
     0.333000      40.6780     0.145000
     0.519000      42.6790     0.303000
     0.401000      41.7300     0.196000
     0.205000      40.0080     0.245000
     0.436000      41.9420     0.178000
     0.363000      41.6640     0.175000
     0.436000      41.9540     0.229000
     0.309000      41.1970     0.276000
     0.342000      41.4840     0.155000
     0.159000      39.5590     0.364000
     0.332000      41.2880     0.307000
     0.239000      40.3410     0.183000
     0.352000      41.4310     0.222000
     0.612000      42.8230     0.244000
     0.631000      42.3890     0.182000
     0.645000      42.8960     0.179000
     0.429000      41.8850     0.173000
     0.497000      42.1300     0.200000
     0.539000      42.2740     0.219000
     0.619000      43.0890     0.294000
     0.540000      42.6000     0.272000
     0.218000      40.2330     0.264000
     0.633000      42.1970     0.234000
     0.383000      41.7130     0.346000
     0.302000      41.1920     0.299000
     0.340000      41.1520     0.242000
     0.510000      41.8540     0.176000
     0.399000      41.5180     0.403000
     0.493000      42.2250     0.263000
     0.687000      43.0870     0.286000
     0.502000      41.7600     0.340000
     0.687000      42.7960     0.237000
     0.495000      42.2900     0.184000
     0.603000      42.6380     0.249000
     0.421000      42.4820     0.331000
     0.348000      41.6520     0.179000
     0.213000      40.2690     0.265000
     0.344000      41.1960     0.172000
     0.274000      40.7330     0.195000
     0.181000      39.8160     0.303000
     0.401000      41.9890     0.393000
     0.416000      41.5310     0.336000
     0.286000      41.3650     0.311000
     0.463000      41.9520     0.265000
     0.341000      41.0300     0.217000
     0.631000      43.0150     0.166000
     0.368000      41.5210     0.161000
     0.309000      40.9290     0.218000
     0.528000      42.4480     0.431000
     0.268000      40.7860     0.589000
     0.216000      40.4640     0.283000
     0.695000      42.7510     0.278000
     0.284000      40.8740     0.181000
     0.508000      42.2440     0.193000
     0.670000      43.0660     0.555000
      1.34000      44.9360     0.206000
      1.12000      44.4380     0.145000
     0.490000      42.8780     0.359000
     0.526000      43.3560     0.323000
     0.975200      44.2340     0.161000
     0.216000      40.5830     0.418000
      1.02000      44.2330     0.173000
     0.840000      43.4730     0.120000
     0.970000      44.5650     0.290000
     0.735000      43.0400     0.203000
      1.14000      43.9860     0.960000
     0.854000      43.5970     0.213000
     0.740000      43.2340     0.138000
      1.30700      45.0870     0.315000
     0.839000      43.3680     0.288000
      1.30500      44.6270     0.265000
     0.935000      43.5920     0.177000
     0.460000      42.2270     0.250000
      1.23000      44.8240     0.250000
     0.640000      42.8460     0.876000
     0.954000      44.2790     0.335000
      1.55100      45.7500      1.16300
     0.954000      44.0430     0.318000
      1.26500      44.7860     0.142000
     0.521000      42.3540     0.203000
      1.23000      44.8320     0.152000
      1.02000      44.0300     0.189000
      1.39000      44.7970     0.176000
      1.01000      44.8040     0.328000
     0.900000      43.1410     0.131000
      1.37000      45.0690     0.185000
      1.14000      44.2530     0.133000
      1.30000      44.9050     0.151000
